8000
-0.0079361
-0.00794529
-0.00786874
-0.00817799
-0.00792692
-0.00790242
-0.00799734
-0.00800959
-0.0080004
-0.00799122
-0.00804939
-0.00798815
-0.0080249
-0.00788099
-0.00771871
-0.00794835
-0.00805858
-0.00794529
-0.00818411
-0.00788711
-0.00796978
-0.00795753
-0.00806776
-0.0077034
-0.00805245
-0.00801265
-0.00793916
-0.00792692
-0.00783506
-0.00787793
-0.00785649
-0.00789936
-0.00823923
-0.00799734
-0.00771259
-0.00800653
-0.0079361
-0.0079361
-0.00798203
-0.00786262
-0.00784425
-0.00794223
-0.00797284
-0.00796672
-0.00786262
-0.00787486
-0.00774014
-0.00782588
-0.00788405
-0.00774627
-0.00759317
-0.00785343
-0.00792692
-0.00782894
-0.0079361
-0.00779526
-0.00791773
-0.00794835
-0.00790242
-0.00800959
-0.00818717
-0.00788099
-0.00797284
-0.00803102
-0.00791773
-0.00806776
-0.00783812
-0.00796366
-0.00799122
-0.00800959
-0.00790548
-0.00815043
-0.0079606
-0.00792998
-0.00792079
-0.00785343
-0.00790855
-0.00779526
-0.00795753
-0.00784425
-0.00792386
-0.00804633
-0.00792692
-0.00791467
-0.00793916
-0.0083219
-0.00774627
-0.00788711
-0.00804327
-0.00815043
-0.00798815
-0.00777689
-0.00800959
-0.00791161
-0.00804939
-0.00788405
-0.00806776
-0.00793304
-0.00814431
-0.008129
-0.00804939
-0.00798815
-0.00785956
-0.00782588
-0.00773096
-0.00802183
-0.00781057
-0.00785037
-0.0080647
-0.00801877
-0.00784118
-0.00774014
-0.00795141
-0.00778607
-0.00797897
-0.00815043
-0.0078718
-0.00787486
-0.0079361
-0.00789324
-0.00810144
-0.00779832
-0.00796672
-0.00794529
-0.00798509
-0.00784118
-0.00792998
-0.00783506
-0.0078718
-0.00775851
-0.00788099
-0.00792386
-0.00804633
-0.00796366
-0.00790855
-0.00785037
-0.00796978
-0.00786874
-0.00784731
-0.00797284
-0.00811369
-0.00796366
-0.00771871
-0.00790242
-0.00789936
-0.00798815
-0.0079361
-0.0079606
-0.00776158
-0.00778913
-0.00802183
-0.00803102
-0.00796978
-0.00795753
-0.00803408
-0.00789936
-0.007832
-0.00803102
-0.00809532
-0.00787486
-0.00800959
-0.00806164
-0.00797897
-0.00790242
-0.007832
-0.00800959
-0.00795141
-0.00812288
-0.00802796
-0.00802796
-0.00793304
-0.00803408
-0.00799734
-0.00784118
-0.00811063
-0.00794529
-0.00776464
-0.00786262
-0.00797284
-0.00785649
-0.00801877
-0.00787793
-0.00795753
-0.0078963
-0.00787486
-0.00795447
-0.00795447
-0.00800653
-0.00797284
-0.0078075
-0.00779526
-0.00789324
-0.00799734
-0.00773708
-0.00796672
-0.00764216
-0.00809838
-0.00791161
-0.00794529
-0.00792692
-0.00775545
-0.00792386
-0.00785649
-0.00798203
-0.00796978
-0.00792079
-0.00777995
-0.00791161
-0.00811369
-0.0078963
-0.00787486
-0.00783812
-0.00800653
-0.00792079
-0.00790855
-0.00784425
-0.00804021
-0.00804327
-0.00796672
-0.00777076
-0.00795753
-0.00796978
-0.00789936
-0.00795753
-0.00794529
-0.007832
-0.00785343
-0.00791161
-0.00804327
-0.00804327
-0.0079361
-0.00780138
-0.00778607
-0.00792386
-0.00784731
-0.00779219
-0.00791467
-0.0080249
-0.00803408
-0.00781057
-0.00782894
-0.00789324
-0.00791467
-0.00818411
-0.00798815
-0.00797591
-0.0080249
-0.00785343
-0.00798203
-0.00793304
-0.00777076
-0.00797897
-0.00798509
-0.00807082
-0.00781363
-0.00796978
-0.00813512
-0.00805858
