-0.00652458
-0.00647559
-0.00649397
-0.00656439
-0.00639599
-0.00638986
-0.00657664
-0.00642354
-0.00646335
-0.00651846
-0.00646335
-0.00650927
-0.0065552
-0.00654908
-0.00649397
-0.00650009
-0.00650621
-0.00648784
-0.00647253
-0.00656439
-0.00648784
-0.00645416
-0.00645416
-0.00646947
-0.00643273
-0.0064909
-0.00645416
-0.00655826
-0.0065154
-0.00647866
-0.00653071
-0.00648784
-0.00654602
-0.00650009
-0.00655826
-0.00659501
-0.00657664
-0.00646335
-0.00653683
-0.00646335
-0.00653683
-0.00650927
-0.00649397
-0.00643579
-0.00652765
-0.00648784
-0.00650927
-0.00646641
-0.00645722
-0.00655214
-0.00650621
-0.00647253
-0.00646028
-0.00654908
-0.00653683
-0.00651846
-0.00647866
-0.00652765
-0.00661644
-0.00660113
-0.00642354
-0.00646335
-0.0064511
-0.00651846
-0.00645416
-0.00642967
-0.00655826
-0.00658888
-0.00653683
-0.00648784
-0.0065154
-0.00647559
-0.00658888
-0.0064909
-0.00650315
-0.00647559
-0.00650009
-0.0064511
-0.00651846
-0.00648784
-0.00653989
-0.00648478
-0.00636537
-0.00650621
-0.0064909
-0.00652765
-0.00653071
-0.00647559
-0.0065552
-0.00639599
-0.00659501
-0.00650927
-0.00650927
-0.00654908
-0.00651234
-0.00653683
-0.00646335
-0.00654908
-0.00649703
-0.00650621
-0.00643579
-0.00654295
-0.00647253
-0.00653071
-0.0064511
-0.00649703
-0.00647559
-0.00647253
-0.00650621
-0.00647866
